
-----------------------------------------------------
Classification Report for k = 5:

              precision    recall  f1-score   support

           0       0.94      0.99      0.96       359
           1       0.97      0.98      0.98       264
           2       0.95      0.92      0.93       198
           3       0.93      0.93      0.93       166
           4       0.93      0.92      0.92       200
           5       0.94      0.90      0.92       160
           6       0.96      0.96      0.96       170
           7       0.93      0.94      0.94       147
           8       0.97      0.91      0.94       166
           9       0.91      0.95      0.93       177

    accuracy                           0.94      2007
   macro avg       0.94      0.94      0.94      2007
weighted avg       0.94      0.94      0.94      2007

-----------------------------------------------------

-----------------------------------------------------
Classification Report for k = 10:

              precision    recall  f1-score   support

           0       0.93      0.99      0.96       359
           1       0.96      0.98      0.97       264
           2       0.95      0.91      0.93       198
           3       0.92      0.92      0.92       166
           4       0.94      0.91      0.92       200
           5       0.93      0.89      0.91       160
           6       0.96      0.94      0.95       170
           7       0.93      0.93      0.93       147
           8       0.95      0.87      0.91       166
           9       0.90      0.95      0.92       177

    accuracy                           0.94      2007
   macro avg       0.94      0.93      0.93      2007
weighted avg       0.94      0.94      0.94      2007

-----------------------------------------------------

-----------------------------------------------------
Classification Report for k = 15:

              precision    recall  f1-score   support

           0       0.92      0.99      0.95       359
           1       0.95      0.98      0.96       264
           2       0.94      0.90      0.92       198
           3       0.92      0.92      0.92       166
           4       0.94      0.90      0.92       200
           5       0.94      0.88      0.91       160
           6       0.95      0.94      0.94       170
           7       0.91      0.93      0.92       147
           8       0.94      0.85      0.89       166
           9       0.89      0.95      0.92       177

    accuracy                           0.93      2007
   macro avg       0.93      0.92      0.93      2007
weighted avg       0.93      0.93      0.93      2007

-----------------------------------------------------





SIFT ALGORITHM IMPLEMENTATION
-----------------------------------------------------
Classification Report for k = 15:

              precision    recall  f1-score   support

           0       0.80      0.85      0.82       359
           1       0.50      0.97      0.66       264
           2       0.68      0.38      0.49       198
           3       0.80      0.57      0.66       166
           4       0.71      0.74      0.73       200
           5       0.69      0.49      0.57       160
           6       0.46      0.39      0.42       170
           7       0.57      0.49      0.53       147
           8       0.82      0.52      0.63       166
           9       0.65      0.65      0.65       177

    accuracy                           0.65      2007
   macro avg       0.67      0.61      0.62      2007
weighted avg       0.67      0.65      0.64      2007

-----------------------------------------------------
